     MEAN     SD   Now    30    60    90  30^-1  60^-1  90^-1
IDEAL  90  51.96    25   750  1500  2250  25.00  25.00  25.00
(4500 words)

18-07-12
ES 95.63 39.10 
IT 18.89 38.90 
PT 96.72 54.48 
FR 61.67 63.37 
FI 54.46 61.58 
DE 37.42 56.36
NL 13.53 12.42 
ZH 62.51 69.05 

18-07-14
ES 93.10 39.06 6
IT 18.51 38.42 3274
PT 97.30 53.74 108
FR 61.52 62.44 611
FI 54.42 60.82 827
DE 38.84 57.52 2135
NL 13.50 12.37 29
ZH 61.56 68.07 22

18-07-16
ES 91.11 38.84 38
IT 18.67 38.02 3182
PT 97.93 52.85 21
FR 60.68 62.28 614
FI 53.72 60.07 824
DE 39.12 57.53 2113
NL 15.26 15.39 21
ZH 58.81 66.74 12

18-07-18
ES 89.73 38.33 27
IT 18.21 37.49 3141
PT 97.59 52.62 40
FR 61.06 62.69 565
FI 53.62 59.77 805
DE 39.83 57.92 2077
NL 14.04 14.77 19
ZH 56.61 66.01 16

18-07-19
NL 15.65 18.85 42

18-07-20
NL 17.35 20.53 25

18-07-21
ES 87.56 37.99 9
IT 17.67 36.95 3126
PT 98.71 51.98 45
FR 59.45 61.92 719
FI 53.19 58.95 781
DE 41.91 59.56 2008
NL 17.63 20.97 23
ZH 55.10 65.10 11

18-07-22
IT 18.00 36.80 3034
NL 18.42 21.51 14

18-07-23
ES 85.80 37.85 7
IT 18.25 36.72 2976
PT 98.55 51.48 11
FR 59.24 61.24 616
FI 52.71 58.38 787
DE 47.47 63.63 1889
NL 17.88 21.43 23
ZH 54.47 64.35 18

18-07-25
ES 83.80 37.80 86
IT 17.47 36.09 3023
PT 97.47 51.24 68
FR 58.27 60.86 629
FI 52.24 57.78 767
DE 47.84 63.74 1863
NL 19.80 22.96 14
ZH 54.71 63.00 39

18-07-26
ES 83.37 37.89 69
IT 17.21 35.92 3052
PT 96.73 50.92 77
FR 57.49 60.50 662
FI 51.74 57.53 769
DE 48.05 63.79 1848
NL 19.92 22.77 16
ZH 54.68 62.35 51

18-07-28
ES 82.96 38.13 106
IT 16.37 35.26 3111
PT 95.42 50.45 72
FR 55.92 60.27 701
FI 50.43 56.86 760
DE 48.81 64.18 1813
NL 22.61 24.64 8
ZH 56.25 59.93 31

18-07-29
ES 83.09 38.29 74
IT 16.14 34.90 3106
PT 94.29 50.23 78
FR 55.48 60.29 764
FI 49.74 56.51 757
DE 49.16 64.35 1822
NL 22.26 24.54 32
ZH 56.32 58.46 22

18-07-31
ES 82.84 38.43 34
IT 16.86 34.74 2967
PT 93.29 49.95 41
FR 54.26 59.82 739
FI 52.71 57.00 627
DE 49.88 64.64 1796
NL 21.97 24.49 32
ZH 55.31 58.31 29

18-08-02
ES 82.03 38.46 10
IT 16.33 34.32 2991
PT 92.76 49.77 9
FR 53.34 59.27 855
FI 51.71 56.64 640
DE 50.95 65.18 1769
NL 23.98 26.41 15
ZH 54.71 57.32 13

18-08-04
ES 80.18 38.44 5
IT 15.89 33.84 3017
PT 92.02 49.50 4
FR 52.52 58.41 986
FI 50.44 56.05 649
DE 51.28 65.22 1760
NL 23.26 25.61 23
ZH 53.75 56.59 16

18-08-05
ES 79.00 38.42 0
IT 15.40 33.52 3036
PT 90.94 49.51 4
FR 51.81 58.08 1036
FI 49.67 55.68 679
DE 51.48 65.19 1739
NL 25.45 27.52 14
ZH 45.87 55.01 24

18-08-09
ES 75.44 38.25 18
IT 15.00 32.72 3097
PT 88.75 49.19 42
FR 50.60 57.43 1059
FI 47.43 54.75 706
DE 52.56 65.57 1723
NL 23.68 26.30 27
ZH 41.28 53.25 20

18-08-10
ES 74.43 38.11 19
IT 17.49 33.10 2779
PT 88.12 49.02 32
FR 51.67 58.16 1010
FI 46.70 54.36 718
DE 52.77 65.56 1709
NL 22.89 26.38 40
ZH 39.20 52.91 44

18-08-11
ES 73.99 38.35 65
IT 19.75 33.17 2487
PT 87.56 49.01 64
FR 50.82 57.81 1074
FI 45.90 53.97 775
DE 52.92 65.60 1693
NL 22.62 26.10 48
ZH 38.72 52.54 53

18-08-13
ES 73.43 38.38 33
IT 19.96 32.73 2335
PT 87.05 48.95 177
FR 49.95 57.41 1143
FI 44.98 53.39 734
DE 53.52 65.77 1670
NL 22.15 26.06 52
ZH 38.38 52.61 38

18-08-14
CA 2.92 5.10 324
ES 73.03 38.09 13
IT 19.56 32.49 2386
PT 86.70 48.79 243
FR 49.50 57.09 1200
FI 44.64 53.10 713
DE 53.52 65.72 1661
NL 22.21 25.96 52
ZH 38.09 51.97 46

18-08-14
     MEAN     SD   Now    30    60    90
CA   2.72   5.02   330   533   533   533
ES  72.45  38.13    23   440  1847  3210
IT  19.38  32.32  2478  3567  4703  4737
PT  86.14  48.78   299   641  1167  2127
FR  49.11  56.91  1261  1805  2070  2289
FI  44.48  53.10   706  1321  1518  1711
DE  53.24  65.60  1664  2128  2268  2472
NL  21.82  25.93    72   232   276   313
ZH  37.53  51.75    55   278   311   311

18-08-16
     MEAN     SD   Now    30    60    90  30^-1  60^-1  90^-1
CA   3.62   6.96   317   533   533   533  17.77   8.88   5.92
ES  71.01  38.03    11   587  2005  3211  19.57  33.42  35.68
IT  18.62  31.74  2590  3591  4706  4737 119.70  78.43  52.63
PT  87.33  48.76   250   588  1136  2071  19.60  18.93  23.01
FR  48.33  56.16  1316  1804  2069  2288  60.13  34.48  25.42
FI  44.65  53.74   687  1330  1507  1700  44.33  25.12  18.89
DE  53.21  65.42  1644  2108  2267  2468  70.27  37.78  27.42
NL  23.57  27.72    60   230   268   307   7.67   4.47   3.41
ZH  38.80  52.33    48   274   306   306   9.13   5.10   3.40

18-08-18
     MEAN     SD   Now    30    60    90  30^-1  60^-1  90^-1
CA   4.51   8.16   338   533   533   533  17.77   8.88   5.92
ES  69.36  38.10     4   602  2147  3269  20.07  35.78  36.32
IT  34.42  45.41  1720  2955  4193  4221  98.50  69.88  46.90
PT  86.85  48.55   241   599  1282  2043  19.97  21.37  22.70
FR  48.11  55.53  1324  1774  2076  2258  59.13  34.60  25.09
FI  52.96  57.47    96  1220  1434  1587  40.67  23.90  17.63
DE  53.54  65.49  1618  2150  2261  2468  71.67  37.68  27.42
NL  23.65  27.10    46   232   267   308   7.73   4.45   3.42
ZH  39.69  51.99    63   266   302   302   8.87   5.03   3.36

18-08-19
     MEAN     SD   Now    30    60    90  30^-1  60^-1  90^-1
CA   5.09   8.67   337   533   533   533  17.77   8.88   5.92
ES  68.55  38.19     1   598  2227  3426  19.93  37.12  38.07
IT  35.57  44.69  1296  2846  4174  4202  94.87  69.57  46.69
PT  86.37  48.09   234   651  1336  2026  21.70  22.27  22.51
FR  81.98  60.79   167   999  1397  1553  33.30  23.28  17.26
FI  53.27  57.20   124  1214  1443  1593  40.47  24.05  17.70
DE  53.74  65.55  1643  2135  2247  2458  71.17  37.45  27.31
NL  24.13  27.29    47   229   265   306   7.63   4.42   3.40
ZH  40.80  51.96    68   259   295   295   8.63   4.92   3.28

18-08-26
     MEAN     SD   Now    30    60    90  30^-1  60^-1  90^-1
CA   9.71   9.34   238   533   533   533  17.77   8.88   5.92
ES  63.70  38.95    43   705  2580  3418  23.50  43.00  37.98
IT  31.87  43.90  1723  2956  4168  4534  98.53  69.47  50.38
PT  85.99  46.34   153   484  1433  2099  16.13  23.88  23.32
FR  76.85  59.98   430  1062  1409  1906  35.40  23.48  21.18
FI  54.94  60.85   662  1142  1398  1616  38.07  23.30  17.96
DE  53.04  64.53  1743  2071  2225  2459  69.03  37.08  27.32
NL  25.44  27.75    36   240   290   339   8.00   4.83   3.77
ZH  45.04  47.14    52   203   288   321   6.77   4.80   3.57

18-08-27
     MEAN     SD   Now    30    60    90  30^-1  60^-1  90^-1
CA   9.39   9.12   241   533   533   533  17.77   8.88   5.92
ES  63.60  39.39    25   852  2563  3401  28.40  42.72  37.79
IT  31.39  43.64  1729  2991  4178  4534  99.70  69.63  50.38
PT  85.62  46.19   134   506  1448  2233  16.87  24.13  24.81
FR  76.09  59.77   449  1064  1433  1908  35.47  23.88  21.20
FI  54.48  60.74   719  1167  1406  1616  38.90  23.43  17.96
DE  53.12  64.50  1750  2065  2228  2466  68.83  37.13  27.40
NL  25.43  27.46    38   241   296   344   8.03   4.93   3.82
ZH  45.28  46.40    44   201   288   321   6.70   4.80   3.57

18-08-28
     MEAN     SD   Now    30    60    90  30^-1  60^-1  90^-1
CA   9.49   8.86   226   533   533   533  17.77   8.88   5.92
ES  63.17  39.64     9   920  2574  3392  30.67  42.90  37.69
IT  35.76  48.82  1545  3048  4039  4390 101.60  67.32  48.78
PT  85.33  46.04   149   483  1458  2246  16.10  24.30  24.96
FR  75.23  59.59   444  1077  1433  1908  35.90  23.88  21.20
FI  53.94  60.40   734  1167  1410  1621  38.90  23.50  18.01
DE  52.72  64.14  1741  2063  2226  2480  68.77  37.10  27.56
NL  24.92  27.16    42   241   296   345   8.03   4.93   3.83
ZH  45.43  45.65    48   197   288   321   6.57   4.80   3.57

18-08-29
     MEAN     SD   Now    30    60    90  30^-1  60^-1  90^-1
CA   9.64   8.64   214   533   533   533  17.77   8.88   5.92
ES  62.47  39.67     4   915  2687  3398  30.50  44.78  37.76
IT  35.80  48.92  1518  3132  4023  4375 104.40  67.05  48.61
PT  84.68  45.72   150   525  1472  2252  17.50  24.53  25.02
FR  74.47  59.39   481  1077  1442  1911  35.90  24.03  21.23
FI  53.93  60.46   726  1174  1411  1614  39.13  23.52  17.93
DE  52.63  63.93  1761  2056  2219  2470  68.53  36.98  27.44
NL  24.21  26.96    47   245   301   350   8.17   5.02   3.89
ZH  45.07  45.25    37   195   288   321   6.50   4.80   3.57

18-08-30
     MEAN     SD   Now    30    60    90  30^-1  60^-1  90^-1
CA   9.46   8.26   200   533   533   533  17.77   8.88   5.92
ES  61.55  39.86     3  1053  2763  3414  35.10  46.05  37.93
IT  35.31  48.94  1601  3419  4016  4369 113.97  66.93  48.54
PT  84.23  45.62   132   506  1489  2279  16.87  24.82  25.32
FR  73.54  59.19   505  1082  1513  1931  36.07  25.22  21.46
FI  53.64  60.40   808  1168  1413  1611  38.93  23.55  17.90
DE  52.25  63.48  1753  2056  2227  2489  68.53  37.12  27.66
NL  23.61  26.50    54   249   305   354   8.30   5.08   3.93
ZH  44.94  44.60    30   192   288   321   6.40   4.80   3.57

18-08-31
     MEAN     SD   Now    30    60    90  30^-1  60^-1  90^-1
CA   9.20   7.77   186   533   533   533  17.77   8.88   5.92
ES  60.36  39.76    11  1119  2879  3427  37.30  47.98  38.08
IT  34.28  48.47  1719  3494  4016  4369 116.47  66.93  48.54
PT  83.60  45.51   117   508  1520  2291  16.93  25.33  25.46
FR  72.60  58.95   574  1088  1525  1942  36.27  25.42  21.58
FI  52.94  59.91   857  1178  1412  1615  39.27  23.53  17.94
DE  51.69  63.04  1758  2058  2226  2503  68.60  37.10  27.81
NL  23.66  27.03    63   249   302   351   8.30   5.03   3.90
ZH  44.43  44.21    41   196   288   321   6.53   4.80   3.57

18-09-02
     MEAN     SD   Now    30    60    90  30^-1  60^-1  90^-1
CA   7.93   7.00   189   533   533   533  17.77   8.88   5.92
ES  59.07  40.16     0  1243  2927  3459  41.43  48.78  38.43
IT  33.15  48.09  1810  3516  4016  4392 117.20  66.93  48.80
PT  82.36  45.24    91   504  1529  2328  16.80  25.48  25.87
FR  71.47  58.53   562  1132  1517  1977  37.73  25.28  21.97
FI  54.15  60.65   841  1174  1382  1587  39.13  23.03  17.63
DE  51.43  62.73  1776  2069  2214  2502  68.97  36.90  27.80
NL  24.50  26.99    58   243   305   349   8.10   5.08   3.88
ZH  43.85  43.14    30   198   288   321   6.60   4.80   3.57

18-09-04
     MEAN     SD   Now    30    60    90  30^-1  60^-1  90^-1
CA   8.82   7.45   147   533   533   533  17.77   8.88   5.92
ES  57.25  40.16     2  1483  2943  3485  49.43  49.05  38.72
IT  35.13  51.27  1797  3519  3929  4311 117.30  65.48  47.90
PT  82.02  45.26    93   473  1541  2349  15.77  25.68  26.10
FR  70.21  58.08   584  1137  1514  2000  37.90  25.23  22.22
FI  53.81  60.33   849  1170  1396  1580  39.00  23.27  17.56
DE  51.29  62.15  1789  2050  2206  2499  68.33  36.77  27.77
NL  26.07  27.95    55   236   298   342   7.87   4.97   3.80
ZH  42.56  42.65    36   206   288   321   6.87   4.80   3.57

18-09-05
     MEAN     SD   Now    30    60    90  30^-1  60^-1  90^-1
CA   8.56   7.35   134   533   533   533  17.77   8.88   5.92
ES  56.09  40.10    25  1537  2951  3480  51.23  49.18  38.67
IT  36.58  52.95  1828  3701  3846  4229 123.37  64.10  46.99
PT  81.22  45.24    94   499  1707  2360  16.63  28.45  26.22
FR  69.26  57.60   625  1125  1506  1993  37.50  25.10  22.14
FI  52.97  59.83   869  1173  1416  1580  39.10  23.60  17.56
DE  50.89  61.73  1784  2044  2211  2499  68.13  36.85  27.77
NL  25.54  27.58    69   235   299   342   7.83   4.98   3.80
ZH  41.73  42.04    35   216   288   321   7.20   4.80   3.57

18-09-06
     MEAN     SD   Now    30    60    90  30^-1  60^-1  90^-1
CA   8.47   7.41   119   533   533   533  17.77   8.88   5.92
ES  55.61  40.33    10  1528  2953  3471  50.93  49.22  38.57
IT  36.25  52.86  1824  3768  3847  4229 125.60  64.12  46.99
PT  80.88  45.24    71   489  1698  2371  16.30  28.30  26.34
FR  75.81  59.40   507  1004  1394  1872  33.47  23.23  20.80
FI  52.59  59.57   869  1183  1418  1590  39.43  23.63  17.67
DE  50.67  61.38  1781  2041  2211  2502  68.03  36.85  27.80
NL  25.93  27.39    57   233   305   341   7.77   5.08   3.79
ZH  41.65  41.97    28   215   288   321   7.17   4.80   3.57

18-09-07
     MEAN     SD   Now    30    60    90  30^-1  60^-1  90^-1
CA   7.66   7.05   125   533   533   533  17.77   8.88   5.92
ES  54.62  40.28    59  1546  2952  3473  51.53  49.20  38.59
IT  35.52  52.49  1836  3798  3847  4229 126.60  64.12  46.99
PT  80.40  45.32    78   475  1688  2364  15.83  28.13  26.27
FR  75.12  59.09   513  1086  1388  1868  36.20  23.13  20.76
FI  51.90  59.10   878  1183  1418  1591  39.43  23.63  17.68
DE  50.29  61.07  1778  2038  2208  2499  67.93  36.80  27.77
NL  25.82  27.14    54   236   304   346   7.87   5.07   3.84
ZH  40.73  41.87    38   230   288   321   7.67   4.80   3.57

18-09-09
     MEAN     SD   Now    30    60    90  30^-1  60^-1  90^-1
CA   7.05   6.83   140   533   533   533  17.77   8.88   5.92
ES  54.84  42.07    39  1526  2904  3490  50.87  48.40  38.78
IT  35.57  52.84  1949  3750  3812  4194 125.00  63.53  46.60
PT  79.69  45.29    57   600  1668  2443  20.00  27.80  27.14
FR  73.67  58.65   539  1089  1391  1877  36.30  23.18  20.86
FI  51.36  58.66   858  1180  1417  1601  39.33  23.62  17.79
DE  49.98  60.69  1812  2024  2223  2506  67.47  37.05  27.84
NL  26.15  27.29    53   234   301   343   7.80   5.02   3.81
ZH  40.57  41.30    38   235   285   318   7.83   4.75   3.53

18-09-10
     MEAN     SD   Now    30    60    90  30^-1  60^-1  90^-1
CA   6.40   6.77   152   533   533   533  17.77   8.88   5.92
ES  56.12  43.90    80  1513  2897  3474  50.43  48.28  38.60
IT  34.80  52.55  1997  3751  3813  4194 125.03  63.55  46.60
PT  78.81  45.23    39   654  1663  2456  21.80  27.72  27.29
FR  72.97  58.16   531  1077  1392  1885  35.90  23.20  20.94
FI  51.16  58.54   868  1176  1411  1610  39.20  23.52  17.89
DE  49.49  60.26  1816  2022  2243  2515  67.40  37.38  27.94
NL  26.57  27.79    50   238   304   346   7.93   5.07   3.84
ZH  40.95  41.17    39   243   281   314   8.10   4.68   3.49

18-09-12
     MEAN     SD   Now    30    60    90  30^-1  60^-1  90^-1
CA   6.42   9.62   237   517   533   533  17.23   8.88   5.92
ES  56.98  46.26    39  1453  2863  3479  48.43  47.72  38.66
IT  34.85  52.82  2099  3691  3756  4168 123.03  62.60  46.31
PT  77.09  45.24    46   645  1676  2506  21.50  27.93  27.84
FR  71.62  57.40   699  1106  1386  1927  36.87  23.10  21.41
FI  49.85  57.69   912  1190  1416  1629  39.67  23.60  18.10
DE  48.74  59.52  1871  2013  2239  2525  67.10  37.32  28.06
NL  25.60  27.10    60   238   304   347   7.93   5.07   3.86
ZH  40.62  40.75    60   249   275   308   8.30   4.58   3.42

18-09-13
     MEAN     SD   Now    30    60    90  30^-1  60^-1  90^-1
CA   7.65  11.99   216   499   533   533  16.63   8.88   5.92
ES  56.38  46.18    39  1470  2869  3502  49.00  47.82  38.91
IT  35.82  53.25  2017  3623  3726  4138 120.77  62.10  45.98
PT  76.73  44.97    25   638  1668  2516  21.27  27.80  27.96
FR  75.14  56.46   543   959  1337  1891  31.97  22.28  21.01
FI  49.52  57.50   909  1195  1417  1638  39.83  23.62  18.20
DE  48.72  59.24  1861  2004  2237  2514  66.80  37.28  27.93
NL  26.50  27.55    50   231   301   345   7.70   5.02   3.83
ZH  40.69  40.72    45   247   274   307   8.23   4.57   3.41

18-09-14
     MEAN     SD   Now    30    60    90  30^-1  60^-1  90^-1
CA   8.24  13.28   221   486   533   533  16.20   8.88   5.92
ES  55.83  46.55   121  1496  2868  3514  49.87  47.80  39.04
IT  35.17  52.93  2030  3623  3726  4156 120.77  62.10  46.18
PT  75.92  44.78     6   650  1665  2530  21.67  27.75  28.11
FR  74.30  56.22   551   960  1337  1898  32.00  22.28  21.09
FI  51.97  59.18   879  1173  1378  1599  39.10  22.97  17.77
DE  48.38  58.87  1855  2019  2232  2515  67.30  37.20  27.94
NL  27.24  27.56    32   231   298   342   7.70   4.97   3.80
ZH  39.72  40.61    59   249   274   307   8.30   4.57   3.41

18-09-14
     MEAN     SD   Now    30    60    90  30^-1  60^-1  90^-1
CA   8.14  13.27   228   486   533   533  16.20   8.88   5.92
ES  60.20  49.54     7  1384  2756  3402  46.13  45.93  37.80
IT  35.69  52.93  1978  3582  3713  4143 119.40  61.88  46.03
PT  75.87  44.74     3   646  1661  2526  21.53  27.68  28.07
FR  75.45  55.33   477   893  1332  1893  29.77  22.20  21.03
FI  51.80  59.07   892  1173  1378  1599  39.10  22.97  17.77
DE  48.35  58.87  1855  2019  2232  2515  67.30  37.20  27.94
NL  27.64  27.73    26   234   301   345   7.80   5.02   3.83
ZH  40.76  40.72    48   244   270   303   8.13   4.50   3.37

18-09-16
     MEAN     SD   Now    30    60    90  30^-1  60^-1  90^-1
CA   8.88  14.49   241   470   533   533  15.67   8.88   5.92
ES  61.76  51.46    19  1554  2676  3463  51.80  44.60  38.48
IT  35.44  52.82  2126  3556  3682  4112 118.53  61.37  45.69
PT  74.52  44.80     6   820  1662  2648  27.33  27.70  29.42
FR  74.97  54.38   414   862  1325  1903  28.73  22.08  21.14
FI  50.91  58.54   891  1216  1385  1609  40.53  23.08  17.88
DE  47.67  58.20  1913  2030  2244  2535  67.67  37.40  28.17
NL  28.07  28.20    33   232   303   348   7.73   5.05   3.87
ZH  39.72  40.09    53   250   270   306   8.33   4.50   3.40

18-09-17
     MEAN     SD   Now    30    60    90  30^-1  60^-1  90^-1
CA   9.53  15.65   275   454   533   533  15.13   8.88   5.92
ES  60.44  51.54    14  1628  2738  3522  54.27  45.63  39.13
IT  34.41  52.31  2141  3558  3682  4146 118.60  61.37  46.07
PT  74.88  45.49    82   816  1620  2628  27.20  27.00  29.20
FR  73.55  53.98   410   909  1325  1905  30.30  22.08  21.17
FI  50.04  57.95   902  1224  1387  1612  40.80  23.12  17.91
DE  47.09  57.67  1916  2050  2270  2541  68.33  37.83  28.23
NL  28.53  27.59    24   227   304   351   7.57   5.07   3.90
ZH  38.84  39.72    65   250   269   314   8.33   4.48   3.49
